distance(mm) armor_height(mm)
5790            11.3144
5580            13.5416
5290            14.9635
5160            15.2556
4950            15.7791
4710            16.0168
4490            16.1169
4310            17.1668
4140            21.2304
3790            25.9018
3697            29.8922
3335            30.9702
2950            32.229
2900            31.745
2220            40.7411
2420            41.159
2250            43.9177
2000            45.8134
1750            50.2926
1500            56.5299



